[Scan]
laser_position_x = 0
laser_position_y = 0
fsr = 21.465658431143396
sd = 0.12665421239289484

[Andor]
spect_column = 1111
spect_row = 942

[Synth]
rf_power = -12.0

