[More Settings]
fsr = 21.511398615450805
sd = 0.12715417114804853
laser_position_x = 7
laser_position_y = 7

[Lamps]
white = 0.0
blue = 0.0
red = 60.0
trans = 9.0

[Andor]
spect_column = 1112
spect_row = 937

[Synth]
rf_power = -14.0

