[Scan]
laser_position_x = 1000
laser_position_y = 1000
fsr = 21.45692953823456
sd = 0.12655258496958863

[Andor]
spect_column = 1113
spect_row = 942

[Synth]
rf_power = 0.0

