[Scan]
laser_position_x = 985
laser_position_y = 985
fsr = 21.39149163372046
sd = 0.12604182489649593

[Andor]
spect_column = 1063
spect_row = 942

[Synth]
rf_power = 1.0

