[Scan]
laser_position_x = 985
laser_position_y = 985
fsr = 21.509714413989304
sd = 0.12727691882746525

[Andor]
spect_column = 1063
spect_row = 943

[Synth]
rf_power = 1.0

