[Other]
fsr = 21.498367544210538
sd = 0.12702892850155328
laser_position_x = 0
laser_position_y = 0

[Andor]
spect_column = 1111
spect_row = 942

[Synth]
rf_power = -13.0

