[More Settings]
fsr = 21.54828416413082
sd = 0.12771945361397247
laser_position_x = 8.2
laser_position_y = 5.8

[Lamps]
white = 3.0
blue = 0.0
red = 0.0
trans = 1.0

[Andor]
spect_column = 1111
spect_row = 939

[Synth]
rf_power = -20.0
counts_target = 100000
corr_factor = 1.3

