[Scan]
laser_position_x = 985
laser_position_y = 985
fsr = 21.469509431052554
sd = 0.12690303674065945

[Andor]
spect_column = 1063
spect_row = 942

[Synth]
rf_power = 1.0

