[Scan]
laser_position_x = 985
laser_position_y = 985
fsr = 21.49520101794639
sd = 0.12718460942168686

[Andor]
spect_column = 1063
spect_row = 943

[Synth]
rf_power = 1.0

