[Scan]
laser_position_x = 985
laser_position_y = 985
fsr = 21.392676771690947
sd = 0.1260406351710493

[Andor]
spect_column = 1063
spect_row = 942

[Synth]
rf_power = 1.0

