[Scan]
laser_position_x = 985
laser_position_y = 985
fsr = 21.3673965658927
sd = 0.12584749073064347

[Andor]
spect_column = 1063
spect_row = 943

[Synth]
rf_power = 1.0

