[Other]
fsr = 21.453128096004903
sd = 0.1265851732132196
laser_position_x = 0
laser_position_y = 0

[Andor]
spect_column = 1111
spect_row = 942

[Synth]
rf_power = -12.0

