[More Settings]
fsr = 21.464073387008355
sd = 0.1268373771121372
laser_position_x = 9
laser_position_y = 8

[Lamps]
white = 6.0
blue = 0.0
red = 0.0
trans = 2.0

[Andor]
spect_column = 1111
spect_row = 938

[Synth]
rf_power = -8.0

