[More Settings]
fsr = 21.47414416080261
sd = 0.12661056451126587
laser_position_x = 8.5
laser_position_y = 5.9

[Lamps]
white = 6.0
blue = 0.0
red = 0.0
trans = 1.0

[Andor]
spect_column = 1111
spect_row = 939

[Synth]
rf_power = -8.0

