[More Settings]
fsr = 21.479515768111927
sd = 0.12671059312274727
laser_position_x = 8.5
laser_position_y = 5.9

[Lamps]
white = 6.0
blue = 0.0
red = 0.0
trans = 1.0

[Andor]
spect_column = 1111
spect_row = 939

[Synth]
rf_power = -8.0

