[Scan]
laser_position_x = 0
laser_position_y = 0
fsr = 21.44536867196523
sd = 0.12629770123537729

[Andor]
spect_column = 1113
spect_row = 942

[Synth]
rf_power = -4.0

