[More Settings]
fsr = 21.557622096436504
sd = 0.1276182961023543
laser_position_x = 8.2
laser_position_y = 5.8

[Lamps]
white = 3.0
blue = 0.0
red = 0.0
trans = 1.0

[Andor]
spect_column = 1111
spect_row = 939

[Synth]
rf_power = -25.0
counts_target = 100000
corr_factor = 1.3

