[More Settings]
fsr = 21.494261196459295
sd = 0.12681267089352607
laser_position_x = 8.2
laser_position_y = 5.8

[Lamps]
white = 6.0
blue = 0.0
red = 0.0
trans = 1.0

[Andor]
spect_column = 1111
spect_row = 939

[Synth]
rf_power = -8.0

